1686.801
1685.426
1683.783
1682.141
1680.753
1681.118
1679.560
1679.647
1679.237
1678.746
1678.431
1678.531
1680.531
1680.736
1682.694
1684.242
1685.773
1687.521
1689.700
1693.768
1696.005
1699.932
1703.360
1706.659
1710.035
1713.682
1719.036
1722.358
1727.152
1731.218
1734.913
1738.440
1741.987
1746.993
1749.726
1753.699
1756.725
1759.181
1761.290
1763.267
1766.580
1767.526
1769.653
1770.809
1771.407
1771.705
1771.955
1773.658
1773.143
1773.988
1774.067
1773.812
1773.502
1773.398
1775.007
1774.662
1775.933
1776.684
1777.330
1778.127
1779.309
1782.353
1783.554
1786.445
1788.847
1791.135
1793.520
1796.196
1800.596
1802.980
1806.844
1809.979
1812.734
1815.302
1817.862
1821.840
1823.495
1826.332
1828.153
1829.330
1830.080
1830.615
1832.399
1831.731
1832.160
1831.537
1830.279
1828.653
1826.915
1826.576
1823.976
1822.702
1820.635
1818.222
1815.747
1813.482
1812.944
1810.472
1809.645
1808.331
1806.954
1805.772
1805.025
1806.192
1805.573
1806.704
1807.409
1808.067
1808.894
1810.087
1813.087
1814.158
1816.805
1818.827
1820.584
1822.277
1824.097
1827.483
1828.705
1831.281
1833.027
1834.323
1835.400
1836.477
1839.026
1839.354
1841.011
1841.849
1842.283
1842.574
1842.970
1844.969
1844.895
1846.317
1847.095
1847.649
1848.238
1849.104
1851.733
1852.433
1854.749
1856.519
1858.134
1859.823
1861.797
1865.511
