1507.181
1512.624
1517.822
1522.836
1528.554
1533.128
1537.957
1541.810
1545.144
1547.869
1550.093
1552.756
1554.067
1555.486
1555.848
1555.676
1554.946
1553.831
1553.331
1551.715
1550.493
1548.548
1546.438
1544.170
1541.937
1540.751
1538.881
1537.832
1536.469
1535.325
1534.375
1533.773
1534.485
1534.731
1535.964
1536.992
1538.296
1539.794
1541.590
1544.599
1546.999
1550.203
1552.987
1555.805
1558.560
1561.343
1565.068
1567.917
1571.314
1574.054
1576.617
1578.933
1581.126
1584.146
1586.214
1588.790
1590.709
1592.484
1594.079
1595.647
1598.164
1599.867
1602.233
1604.103
1605.991
1607.856
1609.842
1612.907
1615.268
1618.375
1621.041
1623.749
1626.426
1629.182
1632.943
1635.895
1639.461
1642.428
1645.261
1647.869
1650.354
1653.637
1655.908
1658.597
1660.505
1662.115
1663.363
1664.378
1666.113
1666.793
1667.883
1668.221
1668.328
1668.172
1667.915
1668.540
1668.295
1668.666
1668.505
1668.341
1668.145
1668.074
1669.103
1669.462
1670.618
1671.397
1672.297
1673.258
1674.403
1676.667
1678.247
1680.573
1682.438
1684.309
1686.097
1687.904
1690.647
1692.511
1694.917
1696.659
1698.210
1699.491
1700.620
1702.537
1703.450
1704.812
1705.447
1705.860
1706.010
1706.045
1706.939
1706.930
1707.498
1707.491
1707.433
1707.294
1707.233
1708.224
1708.504
1709.543
1710.173
1710.901
1711.672
1712.619
1714.684
1716.072
1718.220
1719.928
1721.667
1723.354
1725.093
1727.801
1729.664
1732.102
1733.906
1735.541
1736.926
1738.170
1740.204
1741.229
1742.688
1743.394
1743.846
1743.989
1743.967
1744.742
1744.547
1744.856
1744.511
1744.034
1743.392
1742.744
1743.065
1742.593
1742.801
1742.526
1742.277
1742.007
1741.851
1742.760
1742.942
1743.838
1744.251
1744.657
1744.973
1745.301
1746.561
1746.932
1747.833
1748.046
1748.032
1747.700
1747.151
1747.306
1746.356
1745.734
1744.244
1742.375
1740.066
1737.452
1735.495
1732.425
1729.716
1726.213
1722.446
1718.393
1714.225
1710.934
1706.778
1703.254
1699.224
1695.227
1691.246
1687.450
1684.824
1681.610
1679.286
1676.691
1674.333
1672.164
1670.317
1669.739
1668.636
1668.447
1667.973
1667.688
1667.510
1667.544
1668.710
1669.193
1670.416
1671.169
1671.919
1672.584
1673.271
1674.911
1675.700
1677.079
1677.856
1678.523
1679.019
1679.479
1680.858
1681.379
1682.505
1683.067
1683.578
1683.994
1684.463
1685.952
1686.690
1688.142
1689.141
1690.191
1691.244
1692.434
1694.714
1696.297
1698.629
1700.523
1702.463
1704.378
1706.383
1709.410
1711.652
1714.540
1716.871
1719.116
1721.194
1723.213
1726.101
1728.050
1730.492
1732.227
1733.734
1734.943
1735.971
1737.761
1738.519
1739.694
1740.103
1740.244
1740.062
1739.696
1740.104
1739.512
1739.384
1738.555
1737.536
1736.289
1734.963
1734.530
1733.225
1732.524
1731.266
1729.973
1728.608
1727.328
1727.105
1726.176
1726.015
1725.462
1725.031
1724.684
1724.568
1725.645
1726.143
1727.522
1728.606
1729.893
1731.326
1733.029
1735.945
1738.276
1741.457
1744.287
1747.239
1750.226
1753.351
1757.529
1760.940
1764.999
1768.484
1771.854
1775.011
1778.049
1781.880
1784.686
1787.887
1790.276
1792.326
1793.962
1795.304
1797.298
1798.158
1799.346
1799.694
1799.721
1799.396
1798.883
1799.173
1798.524
1798.435
1797.776
1797.095
1796.390
1795.842
1796.456
1796.494
1797.453
1798.193
1799.243
1800.574
1802.336
1805.491
1808.257
1812.079
1815.761
1819.773
1824.027
1828.612
1834.430
1839.640
1845.634
1851.167
1856.666
1862.005
1867.245
1873.269
1878.225
1883.503
1887.867
1891.761
1895.087
1897.942
1901.251
1903.212
1905.274
1906.258
1906.676
1906.494
1905.874
1905.809
1904.558
1903.628
1901.897
1899.920
1897.704
1895.444
1894.154
1892.109
1890.818
1889.153
1887.658
1886.315
1885.289
1885.555
1885.346
1886.121
1886.702
1887.576
1888.672
1890.099
1892.780
1894.898
1897.867
1900.467
1903.153
1905.826
1908.575
1912.312
1915.213
1918.696
1921.553
1924.253
1926.720
1929.074
1932.255
1934.476
1937.194
1939.236
1941.111
1942.780
1944.392
1946.922
1948.607
1950.925
1952.717
1954.502
1956.243
1958.087
1960.999
1963.202
1966.151
1968.667
1971.237
1973.796
1976.457
1980.153
