1688.632
1687.353
1686.007
1684.664
1683.438
1683.864
1682.400
1682.762
1682.460
1682.271
1682.252
1682.506
1684.551
1684.828
1687.035
1688.660
1690.459
1692.465
1694.758
1698.831
1701.099
1705.235
1708.701
1712.229
1715.828
1719.555
1724.881
1728.205
1733.181
1737.260
1741.163
1744.893
1748.504
1753.469
1756.191
1760.336
1763.366
1766.022
1768.328
1770.363
1773.629
1774.559
1776.853
1778.008
1778.799
1779.288
1779.587
1781.233
1780.691
1781.690
1781.752
1781.673
1781.533
1781.454
1782.981
1782.579
1783.971
1784.668
1785.451
1786.374
1787.536
1790.447
1791.538
1794.493
1796.784
1799.148
1801.598
1804.190
1808.395
1810.606
1814.474
1817.440
1820.216
1822.797
1825.226
1828.969
1830.419
1833.232
1834.866
1836.054
1836.817
1837.229
1838.795
1837.948
1838.389
1837.621
1836.425
1834.868
1833.071
1832.582
1829.873
1828.682
1826.544
1824.263
1821.926
1819.667
1819.036
1816.507
1815.807
1814.455
1813.234
1812.203
1811.464
1812.530
1811.834
1813.063
1813.690
1814.457
1815.380
1816.520
1819.353
1820.279
1822.955
1824.832
1826.632
1828.362
1830.075
1833.251
1834.294
1836.876
1838.465
1839.808
1840.936
1841.935
1844.315
1844.517
1846.244
1847.001
1847.564
1847.996
1848.409
1850.335
1850.233
1851.820
1852.606
1853.372
1854.177
1855.123
1857.729
1858.435
1860.938
1862.720
1864.535
1866.411
1868.421
1872.052
