1506.799
1512.191
1517.365
1522.506
1528.417
1533.090
1538.016
1541.921
1545.235
1547.957
1550.317
1553.169
1554.563
1556.051
1556.424
1556.178
1555.380
1554.326
1553.932
1552.307
1551.059
1549.025
1546.741
1544.304
1542.036
1540.864
1538.902
1537.751
1536.234
1534.865
1533.709
1533.048
1533.767
1533.929
1535.082
1535.996
1537.126
1538.482
1540.294
1543.394
1545.800
1549.020
1551.787
1554.529
1557.236
1560.124
1564.021
1566.947
1570.418
1573.186
1575.702
1577.983
1580.278
1583.450
1585.557
1588.155
1590.033
1591.680
1593.148
1594.716
1597.275
1598.905
1601.179
1602.896
1604.548
1606.185
1608.079
1611.108
1613.330
1616.297
1618.778
1621.237
1623.692
1626.380
1630.147
1633.021
1636.522
1639.396
1642.082
1644.581
1647.119
1650.534
1652.855
1655.605
1657.542
1659.121
1660.367
1661.530
1663.478
1664.273
1665.474
1665.873
1665.963
1665.802
1665.674
1666.477
1666.298
1666.719
1666.548
1666.289
1666.003
1665.975
1667.096
1667.439
1668.569
1669.269
1670.017
1670.843
1671.999
1674.340
1675.904
1678.220
1680.038
1681.803
1683.518
1685.409
1688.312
1690.251
1692.744
1694.538
1696.082
1697.386
1698.689
1700.846
1701.903
1703.406
1704.133
1704.561
1704.736
1704.929
1706.027
1706.106
1706.742
1706.735
1706.584
1706.351
1706.316
1707.373
1707.598
1708.560
1709.048
1709.547
1710.095
1710.951
1712.980
1714.229
1716.235
1717.757
1719.246
1720.712
1722.387
1725.108
1726.904
1729.293
1731.022
1732.536
1733.843
1735.178
1737.387
1738.512
1740.088
1740.886
1741.375
1741.590
1741.794
1742.865
1742.872
1743.381
1743.187
1742.785
1742.228
1741.796
1742.379
1742.052
1742.382
1742.162
1741.874
1741.560
1741.481
1742.503
1742.676
1743.539
1743.851
1744.067
1744.195
1744.466
1745.717
1745.973
1746.750
1746.790
1746.532
1745.979
1745.358
1745.511
1744.469
1743.765
1742.161
1740.122
1737.678
1735.091
1733.237
1730.188
1727.514
1724.015
1720.196
1716.123
1712.091
1709.007
1704.968
1701.563
1697.612
1693.625
1689.675
1686.053
1683.658
1680.574
1678.371
1675.843
1673.475
1671.305
1669.592
1669.199
1668.172
1668.046
1667.577
1667.216
1666.971
1667.072
1668.357
1668.851
1670.073
1670.771
1671.388
1671.933
1672.638
1674.351
1675.110
1676.452
1677.143
1677.650
1678.003
1678.462
1679.901
1680.381
1681.464
1681.937
1682.289
1682.566
1683.043
1684.602
1685.313
1686.739
1687.667
1688.581
1689.519
1690.742
1693.120
1694.706
1697.043
1698.898
1700.733
1702.565
1704.634
1707.789
1710.064
1712.984
1715.301
1717.463
1719.477
1721.577
1724.605
1726.594
1729.072
1730.793
1732.214
1733.350
1734.447
1736.362
1737.142
1738.331
1738.703
1738.731
1738.451
1738.126
1738.633
1738.036
1737.898
1737.009
1735.857
1734.494
1733.196
1732.851
1731.536
1730.821
1729.506
1728.085
1726.615
1725.376
1725.257
1724.337
1724.185
1723.597
1723.065
1722.638
1722.589
1723.797
1724.330
1725.742
1726.814
1728.022
1729.393
1731.181
1734.242
1736.620
1739.844
1742.670
1745.546
1748.476
1751.686
1756.009
1759.464
1763.562
1767.039
1770.327
1773.420
1776.535
1780.503
1783.345
1786.576
1788.946
1790.904
1792.463
1793.871
1795.986
1796.866
1798.066
1798.376
1798.289
1797.863
1797.390
1797.775
1797.116
1797.008
1796.280
1795.453
1794.616
1794.077
1794.756
1794.756
1795.673
1796.322
1797.210
1798.399
1800.164
1803.386
1806.123
1809.919
1813.533
1817.415
1821.565
1826.198
1832.135
1837.374
1843.404
1848.935
1854.371
1859.675
1865.033
1871.242
1876.290
1881.662
1886.075
1889.951
1893.275
1896.271
1899.776
1901.830
1903.972
1904.981
1905.341
1905.107
1904.566
1904.625
1903.385
1902.447
1900.644
1898.511
1896.143
1893.862
1892.598
1890.470
1889.084
1887.272
1885.553
1884.003
1882.914
1883.180
1882.876
1883.561
1884.013
1884.698
1885.635
1887.060
1889.814
1891.919
1894.887
1897.453
1900.048
1902.660
1905.502
1909.402
1912.373
1915.929
1918.813
1921.469
1923.909
1926.373
1929.718
1931.993
1934.750
1936.771
1938.538
1940.100
1941.734
1944.327
1945.960
1948.205
1949.861
1951.426
1952.951
1954.714
1957.595
1959.663
1962.471
1964.798
1967.111
1969.436
1972.017
1975.702
