1692.441
1688.142
1685.938
1685.739
1688.861
1688.063
1675.427
1661.099
1648.287
1645.394
1644.320
1650.968
1659.925
1662.164
1648.362
1635.538
1630.067
1628.768
1633.538
1644.345
1653.108
1656.401
1662.187
1670.997
1679.271
1681.155
1681.519
1685.200
1692.032
1706.529
1716.252
1714.188
1704.286
1693.692
1686.423
1687.635
1689.648
1687.079
1689.320
1691.377
1685.725
1684.461
1678.969
1665.722
1655.962
1667.911
1688.187
1705.901
1708.073
1711.582
1717.855
1727.699
1735.094
1742.816
1743.474
1743.656
1747.035
1751.743
1759.695
1761.712
1757.538
1754.839
1756.903
1758.396
1762.753
1756.006
1758.210
1763.178
1765.674
1772.252
1780.814
1789.410
1790.869
1786.919
1779.592
1781.045
1789.937
1797.534
1801.306
1803.169
1802.312
1798.604
1793.197
1789.012
1784.365
1790.982
1800.626
1804.658
1795.023
1780.680
1770.768
1772.950
1777.577
1794.540
1807.448
1815.851
1821.383
1824.709
1829.314
1832.324
