1719.525
1723.747
1726.156
1729.980
1732.485
1735.560
1738.020
1743.528
1747.902
1750.390
1754.216
1756.646
1759.568
1761.799
1767.003
1771.003
1773.051
1776.375
1778.246
1780.561
1782.141
1786.656
1789.936
1791.239
1793.799
1794.892
1796.420
1797.206
1800.927
1803.413
1803.925
1805.699
1806.013
1806.767
1806.789
1809.754
1811.493
1811.268
1812.317
1811.917
1811.974
1811.315
1813.620
1814.725
1813.895
1814.373
1813.444
1813.019
1811.932
1813.869
1814.675
1813.620
1813.955
1812.972
1812.584
1811.632
1813.805
1814.949
1814.337
1815.217
1814.879
1815.232
1815.113
1818.202
1820.337
1820.781
1822.771
1823.584
1825.118
1826.194
1830.481
1833.802
1835.407
1838.521
1840.408
1842.955
1844.975
1850.128
1854.231
1856.527
1860.241
1862.635
1865.597
1867.941
1873.332
1877.591
1879.970
1883.698
1886.048
1888.915
1891.122
1896.343
1900.407
1902.574
1906.080
1908.204
1910.845
1912.831
1917.837
1921.694
1923.660
