1421.359
1421.811
1421.834
1421.600
1420.818
1423.567
1426.182
1424.715
1425.167
1425.189
1424.956
1424.174
1426.923
1429.538
1428.070
1428.523
1428.545
1428.311
1427.530
1430.278
1432.894
1431.426
1431.879
1431.901
1431.667
1430.886
1433.634
1436.250
1434.782
1435.234
1435.257
1435.023
1434.241
1436.990
1439.605
1438.138
1438.590
1438.612
1438.379
1437.597
1440.346
1442.961
1441.493
1441.946
1441.968
1441.734
1440.953
1443.701
1446.317
1444.849
1445.302
1445.324
1445.090
1444.309
1447.057
1449.673
1448.205
1448.657
1448.680
1448.446
1447.664
1450.413
1453.028
1451.561
1452.013
1452.035
1451.802
1451.020
1453.769
1456.384
1454.916
1455.369
1455.391
1455.157
1454.376
1457.124
1459.740
1458.272
1458.725
1458.747
1458.513
1457.732
1460.480
1463.096
1461.628
1462.080
1462.103
1461.869
1461.087
1463.836
1466.451
1464.984
1465.436
1465.458
1465.225
1464.443
1467.192
1469.807
1468.339
1468.792
1468.814
1468.580
1467.799
1470.547
1473.163
1471.695
1472.148
1472.170
1471.936
1471.155
1473.903
1476.519
1475.051
1475.503
1475.526
1475.292
1474.510
1477.259
1479.874
1478.407
1478.859
1478.881
1478.648
1477.866
1480.615
1483.230
1481.762
1482.215
1482.237
1482.003
1481.222
1483.970
1486.586
1485.118
1485.571
1485.593
1485.359
1484.578
1487.326
1489.942
1488.474
1488.926
1488.949
1488.715
1487.933
1490.682
1493.297
1491.830
1492.282
1492.304
1492.071
1491.289
1494.038
1496.653
1495.185
1495.638
1495.660
1495.426
1494.645
1497.393
1500.009
1498.541
1498.994
1499.016
1498.782
1498.001
1500.749
1503.365
1501.897
1502.349
1502.372
1502.138
1501.356
1504.105
1506.720
1505.252
1505.705
1505.727
1505.494
1504.712
1507.461
1510.076
1508.608
1509.061
1509.083
1508.849
1508.068
1510.816
1513.432
1511.964
1512.417
1512.439
1512.205
1511.424
1514.172
1516.788
1515.320
1515.772
1515.795
1515.561
1514.779
1517.528
1520.143
1518.675
1519.128
1519.150
1518.917
1518.135
1520.884
1523.499
1522.031
1522.484
1522.506
1522.272
1521.491
1524.239
1526.855
1525.387
1525.840
1525.862
1525.628
1524.847
1527.595
1530.211
1528.743
1529.195
1529.218
1528.984
1528.202
1530.951
1533.566
1532.098
1532.551
1532.573
1532.340
1531.558
1534.307
1536.922
1535.454
1535.907
1535.929
1535.695
1534.914
1537.662
1540.278
1538.810
1539.263
1539.285
1539.051
1538.270
1541.018
1543.634
1542.166
1542.618
1542.641
1542.407
1541.625
1544.374
1546.989
1545.521
1545.974
1545.996
1545.763
1544.981
1547.730
1550.345
1548.877
1549.330
1549.352
1549.118
1548.337
1551.085
1553.701
1552.233
1552.686
1552.708
1552.474
1551.693
1554.441
1557.057
1555.589
1556.041
1556.064
1555.830
1555.048
1557.797
1560.412
1558.944
1559.397
1559.419
1559.186
1558.404
1561.153
1563.768
1562.300
1562.753
1562.775
1562.541
1561.760
1564.508
1567.124
1565.656
