1673.437
1670.244
1668.678
1667.047
1666.266
1665.443
1660.212
1650.731
1641.179
1634.519
1631.006
1629.750
1632.786
1635.832
1633.009
1625.364
1620.446
1618.193
1617.801
1620.698
1625.961
1630.299
1634.873
1642.285
1650.762
1656.554
1658.983
1661.770
1666.435
1674.162
1682.904
1686.446
1684.010
1678.767
1673.703
1670.821
1669.688
1666.844
1664.570
1665.230
1664.336
1662.351
1660.541
1654.367
1645.943
1644.844
1654.138
1665.719
1672.748
1676.557
1683.816
1693.044
1701.620
1707.916
1711.935
1713.270
1715.551
1718.897
1723.266
1726.623
1726.090
1724.272
1724.468
1725.806
1727.152
1725.970
1723.769
1726.258
1728.743
1731.769
1736.826
1743.205
1747.917
1748.634
1746.580
1745.494
1748.897
1753.483
1756.316
1757.943
1759.216
1759.171
1757.237
1754.266
1750.813
1749.973
1753.930
1757.468
1755.838
1748.786
1741.943
1739.408
1740.377
1744.823
1753.113
1760.099
1766.801
1772.824
1778.745
1783.679
