1650.286
1648.142
1646.630
1644.698
1643.441
1642.599
1641.637
1641.522
1640.512
1636.288
1630.955
1625.537
1621.198
1617.273
1615.232
1612.453
1612.097
1613.324
1615.160
1617.081
1617.523
1613.590
1609.553
1605.934
1602.795
1601.055
1599.887
1598.882
1599.189
1601.672
1604.799
1607.919
1610.312
1611.713
1614.729
1619.391
1624.846
1629.032
1632.407
1634.372
1635.628
1637.859
1640.870
1646.534
1651.661
1654.328
1655.401
1655.038
1653.292
1651.281
1648.750
1647.195
1645.358
1644.104
1643.113
1640.923
1640.696
1640.717
1639.138
1639.125
1638.901
1638.960
1637.527
1632.937
1627.854
1627.998
1631.500
1636.889
1641.959
1645.976
1646.906
1650.242
1654.833
1660.980
1666.836
1671.343
1674.121
1677.032
1678.282
1679.908
1682.055
1683.909
1685.626
1687.219
1689.511
1690.474
1690.267
1690.127
1689.662
1689.503
1690.503
1690.849
1692.058
1690.064
1690.748
1691.454
1692.643
1694.233
1694.741
1696.517
1699.447
1703.428
1707.177
1709.997
1710.834
1710.354
1708.570
1708.639
1710.331
1712.642
1714.960
1716.208
1716.658
1717.351
1718.006
1718.495
1718.832
1718.920
1718.269
1716.849
1715.077
1712.412
1712.716
1713.711
1715.302
1717.241
1717.754
1715.068
1711.119
1706.979
1703.618
1701.619
1702.080
1702.346
1706.670
1710.904
1715.964
1720.141
1722.932
1725.835
1728.835
1731.409
1734.624
1737.029
1738.797
1739.993
