1679.025
1675.050
1672.265
1670.414
1668.539
1667.213
1666.181
1666.370
1665.817
1659.900
1650.885
1642.946
1636.893
1632.481
1630.671
1629.155
1629.582
1633.347
1636.880
1638.614
1638.628
1633.184
1625.888
1621.821
1619.176
1617.603
1617.334
1617.896
1619.073
1622.581
1627.456
1631.221
1634.513
1638.171
1642.304
1648.038
1654.576
1658.641
1660.874
1663.023
1665.292
1667.832
1671.185
1678.091
1685.406
1687.659
1686.080
1683.249
1680.263
1677.238
1673.846
1672.014
1670.685
1668.456
1665.857
1662.966
1663.002
1665.184
1664.215
1663.196
1663.079
1661.647
1659.170
1652.909
1645.524
1647.054
1656.359
1666.023
1673.317
1678.061
1678.724
1680.901
1687.600
1696.240
1703.893
1708.557
1710.925
1713.671
1715.298
1716.054
1718.445
1721.311
1723.573
1725.155
1727.762
1729.408
1727.997
1726.539
1726.467
1727.345
1728.820
1729.255
1730.007
1727.469
1726.231
1728.810
1731.179
1733.090
1733.411
1735.197
1739.983
1745.969
1750.747
1752.840
1752.961
1751.676
1748.968
1748.610
1752.174
1756.224
1758.823
1759.926
1760.211
1761.042
1762.103
1762.612
1762.480
1761.745
1760.672
1758.724
1756.176
1752.800
1752.908
1756.411
1759.633
1762.139
1762.629
1758.319
1750.904
1744.564
1741.250
1740.943
1742.528
1743.473
1748.375
1755.857
1762.463
1768.355
1772.700
1776.146
1779.445
1782.855
1786.327
1788.961
1790.364
1790.963
